mulindex_: 0
fmsiz: 1
id_: 0
NonReleaseHeapNum_: 701
1122 1143 1166 1203 1312 1314 1318 1322 1326 1330 1334 1338 1342 1346 1350 1354 1358 1362 1366 1370 1374 1378 1382 1386 1390 1394 1398 1402 1406 1410 1414 1418 1422 1426 1430 1434 1438 1442 1446 1450 1454 1458 1462 1466 1470 1474 1478 1482 1486 1490 1494 1498 1502 1506 1510 1514 1518 1522 1526 1530 1534 1538 1542 1546 1550 1554 1558 1562 1566 1570 1574 1578 1582 1586 1590 1594 1598 1602 1606 1610 1614 1618 1622 1626 1630 1634 1638 1642 1646 1650 1654 1658 1662 1666 1670 1674 1678 1682 1686 1690 1694 1698 1702 1706 1710 1714 1718 1722 1726 1730 1734 1738 1742 1746 1750 1754 1758 1762 1766 1770 1774 1778 1782 1786 1790 1794 1798 1802 1806 1810 1814 1818 1822 1826 1830 1834 1838 1842 1846 1850 1854 1858 1862 1866 1870 1874 1878 1882 1886 1890 1894 1898 1902 1906 1910 1914 1918 1922 1926 1930 1934 1938 1942 1946 1950 1954 1958 1962 1966 1970 1974 1978 1982 1986 1990 1994 1998 2002 2006 2010 2014 2018 2022 2026 2030 2034 2038 2042 2046 2050 2054 2058 2062 2066 2070 2074 2078 2082 2086 2090 2094 2098 2102 2106 2110 2114 2118 2122 2126 2130 2134 2138 2142 2146 2150 2154 2158 2162 2166 2170 2174 2178 2182 2186 2190 2194 2198 2202 2206 2210 2214 2218 2222 2226 2230 2234 2238 2242 2246 2250 2254 2258 2262 2266 2270 2274 2278 2282 2286 2290 2294 2298 2302 2306 2310 2314 2318 2322 2326 2330 2334 2338 2342 2346 2350 2354 2358 2362 2366 2370 2374 2378 2382 2386 2390 2394 2398 2402 2406 2410 2414 2418 2422 2426 2430 2434 2438 2442 2446 2450 2454 2458 2462 2466 2470 2474 2478 2482 2486 2490 2494 2498 2502 2506 2510 2514 2518 2522 2526 2530 2534 2538 2542 2546 2550 2554 2558 2562 2566 2570 2574 2578 2582 2586 2590 2594 2598 2602 2606 2610 2614 2618 2622 2626 2630 2634 2638 2642 2646 2650 2654 2658 2662 2666 2670 2674 2678 2682 2686 2690 2694 2698 2702 2706 2710 2714 2718 2722 2726 2730 2734 2738 2742 2746 2750 2754 2758 2762 2766 2770 2774 2778 2782 2786 2790 2794 2798 2802 2806 2810 2814 2818 2822 2826 2830 2834 2838 2842 2846 2850 2854 2858 2862 2866 2870 2874 2878 2882 2886 2890 2894 2898 2902 2906 2910 2914 2918 2922 2926 2930 2934 2938 2942 2946 2950 2954 2958 2962 2966 2970 2974 2978 2982 2986 2990 2994 2998 3002 3006 3010 3014 3018 3022 3026 3030 3034 3038 3042 3046 3050 3054 3058 3062 3066 3070 3074 3078 3082 3086 3090 3094 3098 3102 3106 3110 3114 3118 3122 3126 3130 3134 3138 3142 3146 3150 3154 3158 3162 3166 3170 3174 3178 3182 3186 3190 3194 3198 3202 3206 3210 3214 3218 3222 3226 3230 3234 3238 3242 3246 3250 3254 3258 3262 3266 3270 3274 3278 3282 3286 3290 3294 3298 3302 3306 3310 3314 3318 3322 3326 3330 3334 3338 3342 3346 3350 3354 3358 3362 3366 3370 3374 3378 3382 3386 3390 3394 3398 3402 3406 3410 3414 3418 3422 3426 3430 3434 3438 3442 3446 3450 3454 3458 3462 3466 3470 3474 3478 3482 3486 3490 3494 3498 3502 3506 3510 3514 3518 3522 3526 3530 3534 3538 3542 3546 3550 3554 3558 3562 3566 3570 3574 3578 3582 3586 3590 3594 3598 3602 3606 3610 3614 3618 3622 3626 3630 3634 3638 3642 3646 3650 3654 3658 3662 3666 3670 3674 3678 3682 3686 3690 3694 3698 3702 3706 3710 3714 3718 3722 3726 3730 3734 3738 3742 3746 3750 3754 3758 3762 3766 3770 3774 3778 3782 3786 3790 3794 3798 3802 3806 3810 3814 3818 3822 3826 3830 3834 3838 3842 3846 3850 3854 3858 3862 3866 3870 3874 3878 3882 3886 3890 3894 3898 3902 3906 3910 3914 3918 3922 3926 3930 3934 3938 3942 3946 3950 3954 3958 3962 3966 3970 3974 3978 3982 3986 3990 3994 3998 4002 4006 4010 4014 4018 4022 4026 4030 4034 4038 4042 4046 4050 4054 4058 4062 4066 4070 4074 4078 4082 4086 4090 4094 
mulindex_: 1
fmsiz: 1
id_: 0
NonReleaseHeapNum_: 456
384 418 430 446 464 468 484 490 518 524 532 540 548 556 564 572 580 588 596 604 612 620 628 636 644 652 660 668 676 684 692 700 708 716 724 732 740 748 756 764 772 780 788 796 804 812 820 828 836 844 852 860 868 876 884 892 900 908 916 924 932 940 948 956 964 972 980 988 996 1004 1012 1020 1028 1036 1044 1052 1060 1068 1076 1084 1092 1100 1108 1116 1124 1132 1140 1148 1156 1164 1172 1180 1188 1196 1204 1212 1220 1228 1236 1244 1252 1260 1268 1276 1284 1292 1300 1308 1316 1324 1332 1340 1348 1356 1364 1372 1380 1388 1396 1404 1412 1420 1428 1436 1444 1452 1460 1468 1476 1484 1492 1500 1508 1516 1524 1532 1540 1548 1556 1564 1572 1580 1588 1596 1604 1612 1620 1628 1636 1644 1652 1660 1668 1676 1684 1692 1700 1708 1716 1724 1732 1740 1748 1756 1764 1772 1780 1788 1796 1804 1812 1820 1828 1836 1844 1852 1860 1868 1876 1884 1892 1900 1908 1916 1924 1932 1940 1948 1956 1964 1972 1980 1988 1996 2004 2012 2020 2028 2036 2044 2052 2060 2068 2076 2084 2092 2100 2108 2116 2124 2132 2140 2148 2156 2164 2172 2180 2188 2196 2204 2212 2220 2228 2236 2244 2252 2260 2268 2276 2284 2292 2300 2308 2316 2324 2332 2340 2348 2356 2364 2372 2380 2388 2396 2404 2412 2420 2428 2436 2444 2452 2460 2468 2476 2484 2492 2500 2508 2516 2524 2532 2540 2548 2556 2564 2572 2580 2588 2596 2604 2612 2620 2628 2636 2644 2652 2660 2668 2676 2684 2692 2700 2708 2716 2724 2732 2740 2748 2756 2764 2772 2780 2788 2796 2804 2812 2820 2828 2836 2844 2852 2860 2868 2876 2884 2892 2900 2908 2916 2924 2932 2940 2948 2956 2964 2972 2980 2988 2996 3004 3012 3020 3028 3036 3044 3052 3060 3068 3076 3084 3092 3100 3108 3116 3124 3132 3140 3148 3156 3164 3172 3180 3188 3196 3204 3212 3220 3228 3236 3244 3252 3260 3268 3276 3284 3292 3300 3308 3316 3324 3332 3340 3348 3356 3364 3372 3380 3388 3396 3404 3412 3420 3428 3436 3444 3452 3460 3468 3476 3484 3492 3500 3508 3516 3524 3532 3540 3548 3556 3564 3572 3580 3588 3596 3604 3612 3620 3628 3636 3644 3652 3660 3668 3676 3684 3692 3700 3708 3716 3724 3732 3740 3748 3756 3764 3772 3780 3788 3796 3804 3812 3820 3828 3836 3844 3852 3860 3868 3876 3884 3892 3900 3908 3916 3924 3932 3940 3948 3956 3964 3972 3980 3988 3996 4004 4012 4020 4028 4036 4044 4052 4060 4068 4076 4084 4092 
mulindex_: 2
fmsiz: 1
id_: 0
NonReleaseHeapNum_: 249
92 116 152 168 184 200 216 232 248 264 280 296 312 328 344 360 376 392 408 424 440 456 472 488 504 520 536 552 568 584 600 616 632 648 664 680 696 712 728 744 760 776 792 808 824 840 856 872 888 904 920 936 952 968 984 1000 1016 1032 1048 1064 1080 1096 1112 1128 1144 1160 1176 1192 1208 1224 1240 1256 1272 1288 1304 1320 1336 1352 1368 1384 1400 1416 1432 1448 1464 1480 1496 1512 1528 1544 1560 1576 1592 1608 1624 1640 1656 1672 1688 1704 1720 1736 1752 1768 1784 1800 1816 1832 1848 1864 1880 1896 1912 1928 1944 1960 1976 1992 2008 2024 2040 2056 2072 2088 2104 2120 2136 2152 2168 2184 2200 2216 2232 2248 2264 2280 2296 2312 2328 2344 2360 2376 2392 2408 2424 2440 2456 2472 2488 2504 2520 2536 2552 2568 2584 2600 2616 2632 2648 2664 2680 2696 2712 2728 2744 2760 2776 2792 2808 2824 2840 2856 2872 2888 2904 2920 2936 2952 2968 2984 3000 3016 3032 3048 3064 3080 3096 3112 3128 3144 3160 3176 3192 3208 3224 3240 3256 3272 3288 3304 3320 3336 3352 3368 3384 3400 3416 3432 3448 3464 3480 3496 3512 3528 3544 3560 3576 3592 3608 3624 3640 3656 3672 3688 3704 3720 3736 3752 3768 3784 3800 3816 3832 3848 3864 3880 3896 3912 3928 3944 3960 3976 3992 4008 4024 4040 4056 4072 4088 
mulindex_: 3
fmsiz: 7
id_: 0
NonReleaseHeapNum_: 24
80 296 432 592 808 1064 2008 2168 2304 2576 2992 3368 3736 3760 3792 3824 3856 3888 3920 3952 3984 4016 4048 4080 
id_: 0
NonReleaseHeapNum_: 24
80 296 432 592 808 1064 2008 2168 2304 2576 2992 3368 3736 3760 3792 3824 3856 3888 3920 3952 3984 4016 4048 4080 
id_: 0
NonReleaseHeapNum_: 24
80 296 432 592 808 1064 2008 2168 2304 2576 2992 3368 3736 3760 3792 3824 3856 3888 3920 3952 3984 4016 4048 4080 
id_: 0
NonReleaseHeapNum_: 24
80 296 432 592 808 1064 2008 2168 2304 2576 2992 3368 3736 3760 3792 3824 3856 3888 3920 3952 3984 4016 4048 4080 
id_: 0
NonReleaseHeapNum_: 24
80 296 432 592 808 1064 2008 2168 2304 2576 2992 3368 3736 3760 3792 3824 3856 3888 3920 3952 3984 4016 4048 4080 
id_: 0
NonReleaseHeapNum_: 24
80 296 432 592 808 1064 2008 2168 2304 2576 2992 3368 3736 3760 3792 3824 3856 3888 3920 3952 3984 4016 4048 4080 
id_: 0
NonReleaseHeapNum_: 24
80 296 432 592 808 1064 2008 2168 2304 2576 2992 3368 3736 3760 3792 3824 3856 3888 3920 3952 3984 4016 4048 4080 
mulindex_: 4
fmsiz: 1
id_: 0
NonReleaseHeapNum_: 42
1056 1504 1568 1632 1696 1760 1824 1888 1952 2016 2080 2144 2208 2272 2336 2400 2464 2528 2592 2656 2720 2784 2848 2912 2976 3040 3104 3168 3232 3296 3360 3424 3488 3552 3616 3680 3744 3808 3872 3936 4000 4064 
mulindex_: 5
fmsiz: 3
id_: 0
NonReleaseHeapNum_: 32
64 192 320 448 576 704 832 960 1088 1216 1344 1472 1600 1728 1856 1984 2112 2240 2368 2496 2624 2752 2880 3008 3136 3264 3392 3520 3648 3776 3904 4032 
id_: 0
NonReleaseHeapNum_: 32
64 192 320 448 576 704 832 960 1088 1216 1344 1472 1600 1728 1856 1984 2112 2240 2368 2496 2624 2752 2880 3008 3136 3264 3392 3520 3648 3776 3904 4032 
id_: 0
NonReleaseHeapNum_: 32
64 192 320 448 576 704 832 960 1088 1216 1344 1472 1600 1728 1856 1984 2112 2240 2368 2496 2624 2752 2880 3008 3136 3264 3392 3520 3648 3776 3904 4032 
mulindex_: 6
fmsiz: 1
id_: 0
NonReleaseHeapNum_: 14
640 896 1152 1408 1664 1920 2176 2432 2688 2944 3200 3456 3712 3968 
mulindex_: 7
fmsiz: 1
id_: 0
NonReleaseHeapNum_: 9
0 256 768 1280 1792 2304 2816 3328 3840 
